Galatia  (1499,340)  (1549,331)  (1486,404)
Narbonensis  (615,280)  (627,350)  (555,392)  (504,423)  (504,365)
Baetica  (240,712)  (300,719)  (367,739)
Moesia  (1094,207)  (1147,174)  (1242,123)  (1254,63)  (1279,8)
Achaia  (1166,464)  (1220,458)  (1222,546)
Dalmatia  (1036,303)  (982,288)  (916,250)
Hispania Income  (13,408)
Macedonia  (1117,274)  (1177,359)  (1119,357)  (1116,409)
Numidia  (691,775)  (757,762)  (814,746)  (670,856)  (737,847)  (807,831)  (779,910)  (713,912)
Cyprus  (1631,456)
Palestina  (1750,654)  (1777,578)
Galatia Income  (13,247)
Mare Pontus Euxinus  (1374,48)  (1399,126)
Neapolis  (895,413)  (954,445)  (990,503)
Hispania  (219,456)  (281,465)  (412,496)  (481,504)  (432,560)  (361,557)  (361,622)  (414,666)
Belgica  (520,45)  (554,116)  (605,84)
Asia  (1429,288)  (1404,374)  (1351,365)  (1398,433)
Tingitana  (255,944)  (308,944)  (254,994)  (201,992)  (148,992)
Mare Sabrata  (934,732)  (936,790)
Italia  (765,205)  (769,261)  (674,272)  (732,311)  (785,339)  (812,393)
Aquitania  (445,245)  (526,245)  (538,312)  (480,309)  (437,378)
Noricum  (812,131)  (874,129)  (863,23)
Dacia  (1064,124)  (1061,65)  (1159,42)  (1109,3)
Mare Baliaricum  (433,779)  (506,716)
Mare Narbo  (579,543)  (648,482)
Macedonia Income  (13,730)
Germania  (602,18)  (661,19)  (664,87)  (617,182)
Pontus et Bythnia  (1462,242)  (1485,185)  (1533,135)
Baleares  (559,616)
Mare Amisus  (1544,24)  (1617,25)
Mare Adiraticum  (877,312)  (929,354)
Armenia  (1846,118)  (1736,75)  (1774,20)  (1854,16)  (1926,16)  (1917,72)  (1825,66)
Mare Rhodus  (1477,514)  (1547,469)
Corsica  (725,444)
Mare Hispalis  (162,795)  (162,865)
Mare Tyrrhenum  (832,514)  (892,543)
Mesopotamia  (1810,355)  (1861,352)  (1821,255)  (1868,207)  (1928,160)  (1948,226)  (1894,265)
Cyrenaica  (1298,831)  (1357,832)  (1419,831)  (1479,867)  (1490,937)  (1500,990)  (1433,988)  (1369,989)  (1306,988)  (1249,988)  (1298,929)  (1350,889)
Egyptus Income  (13,85)
Mare Alexandria  (1425,681)  (1501,636)
Numidia Income  (13,891)
Oceanus Atlanticus  (183,149)  (246,198)
Mare Numidia  (622,673)  (705,667)
Syria  (1764,479)  (1820,458)  (1752,415)  (1732,357)
Lusitania  (177,621)  (174,676)  (258,560)
Cappadocia  (1616,135)  (1599,236)  (1700,198)
Africa Procons  (882,927)  (882,991)  (955,929)  (954,990)  (1016,930)  (1015,991)  (1084,974)  (1155,985)
Sicilia  (922,634)  (973,635)
Italia Income  (13,569)
Arabia Petrea  (1848,680)  (1893,614)  (1936,681)  (1908,734)  (1930,461)  (1951,385)  (1947,593)
Mare Aegaeum  (1291,423)  (1342,508)
Rhetia  (769,9)  (735,119)  (702,169)
Oceananus Britannicus  (331,97)  (410,66)
Sardinia  (746,578)  (743,524)
Inflation  (6,12)
Lugudunensis  (384,183)  (450,173)  (541,179)
Pannonia  (994,155)  (944,106)  (995,13)
Britannia  (382,3)  (329,29)
Cilicia  (1581,387)  (1624,332)  (1670,289)
Caesariensis  (415,891)  (468,861)  (523,829)  (581,801)  (555,888)  (501,914)  (555,951)  (388,993)
Creta  (1336,608)
Egyptus  (1540,799)  (1608,782)  (1641,837)  (1573,863)  (1582,920)  (1652,942)  (1724,931)  (1769,984)  (1703,990)  (1619,992)  (1708,798)  (1764,837)  (1834,893)  (1884,953)
Mare Cantabricum  (162,326)  (287,363)
Mare Pelusium  (1686,513)  (1684,589)
Mare Epirus  (1063,602)  (1123,542)
Mare Libycum  (1097,761)  (1186,761)
Thracia  (1225,296)  (1224,239)  (1281,189)  (1320,253)